

  calculate Pi =16 arctan 0.2-4 arctan(1/239) 


PI =

  3.14159 265358 979323 846264 338327 950288 419716 939937 510582 097494 
  459230 781640 628620 899862 803482 534211 706798 214808 651328 230664 
  709384 460955 058223 172535 940812 848111 745028 410270 193852 110555 
  964462 294895 493038 196442 881097 566593 344612 847564 823378 678316 
  527120 190914 564856 692346 034861 045432 664821 339360 726024 914127 
  372458 700660 631558 817488 152092 096282 925409 171536 436789 259036 
  001133 053054 882046 652138 414695 194151 160943 305727 036575 959195 
  309218 611738 193261 179310 511854 807446 237996 274956 735188 575272 
  489122 793818 301194 912983 367336 244065 664308 602139 494639 522473 
  719070 217986 094370 277053 921717 629317 675238 467481 846766 940513 
   6
  200056 812714 526356 082778 577134 275778 960917 363717 872146 844090 
  122495 343014 654958 537105 079227 968925 892354 201995 611212 902196 
  086403 441815 981362 977477 130996 051870 721134 999999 837297 804995 
  105973 173281 609631 859502 445945 534690 830264 252230 825334 468503 
  526193 118817 101000 313783 875288 658753 320838 142061 717766 914730 
  359825 349042 875546 873115 956286 388235 378759 375195 778185 778053 
  217122 680661 300192 787661 119590 921642 019893 809525 720106 548586 
  327886 593615 338182 796823 030195 203530 185296 899577 362259 941389 
  124972 177528 347913 151557 485724 245415 069595 082953 311686 172785 
  588907 509838 175463 746493 931925 506040 092770 167113 900984 882401 
   12
  285836 160356 370766 010471 018194 295559 619894 676783 744944 825537 
  977472 684710 404753 464620 804668 425906 949129 331367 702898 915210 
  475216 205696 602405 803815 019351 125338 243003 558764 024749 647326 
  391419 927260 426992 279678 235478 163600 934172 164121 992458 631503 
  028618 297455 570674 983850 549458 858692 699569 092721 079750 930295 
  532116 534498 720275 596023 648066 549911 988183 479775 356636 980742 
  654252 786255 181841 757467 289097 777279 380008 164706 001614 524919 
  217321 721477 235014 144197 356854 816136 115735 255213 347574 184946 
  843852 332390 739414 333454 776241 686251 898356 948556 209921 922218 
  427255 025425 688767 179049 460165 346680 498862 723279 178608 578438 
   18
  382796 797668 145410 095388 378636 095068 006422 512520 511739 298489 
  608412 848862 694560 424196 528502 221066 118630 674427 862203 919494 
  504712 371378 696095 636437 191728 746776 465757 396241 389086 583264 
  599581 339047 802759 009946 576407 895126 946839 835259 570982 582262 
  052248 940772 671947 826848 260147 699090 264013 639443 745530 506820 
  349625 245174 939965 143142 980919 065925 093722 169646 151570 985838 
  741059 788595 977297 549893 016175 392846 813826 868386 894277 415599 
  185592 524595 395943 104997 252468 084598 727364 469584 865383 673622 
  262609 912460 805124 388439 045124 413654 976278 079771 569143 599770 
  012961 608944 169486 855584 840635 342207 222582 848864 815845 602850 
   24
  601684 273945 226746 767889 525213 852254 995466 672782 398645 659611 
  635488 623057 745649 803559 363456 817432 411251 507606 947945 109659 
  609402 522887 971089 314566 913686 722874 894056 010150 330861 792868 
  092087 476091 782493 858900 971490 967598 526136 554978 189312 978482 
  168299 894872 265880 485756 401427 047755 513237 964145 152374 623436 
  454285 844479 526586 782105 114135 473573 952311 342716 610213 596953 
  623144 295248 493718 711014 576540 359027 993440 374200 731057 853906 
  219838 744780 847848 968332 144571 386875 194350 643021 845319 104848 
  100537 061468 067491 927819 119793 995206 141966 342875 444064 374512 
  371819 217999 839101 591956 181467 514269 123974 894090 718649 423196 
   30
  156794 520809 514655 022523 160388 193014 209376 213785 595663 893778 
  708303 906979 207734 672218 256259 966150 142150 306803 844773 454920 
  260541 466592 520149 744285 073251 866600 213243 408819 071048 633173 
  464965 145390 579626 856100 550810 665879 699816 357473 638405 257145 
  910289 706414 011097 120628 043903 975951 567715 770042 033786 993600 
  723055 876317 635942 187312 514712 053292 819182 618612 586732 157919 
  841484 882916 447060 957527 069572 209175 671167 229109 816909 152801 
  735067 127485 832228 718352 093539 657251 210835 791513 698820 914442 
  100675 103346 711031 412671 113699 086585 163983 150197 016515 116851 
  714376 576183 515565 088490 998985 998238 734552 833163 550764 791853 
   36
  589322 618548 963213 293308 985706 420467 525907 091548 141654 985946 
  163718 027098 199430 992448 895757 128289 059232 332609 729971 208443 
  357326 548938 239119 325974 636673 058360 414281 388303 203824 903758 
  985243 744170 291327 656180 937734 440307 074692 112019 130203 303801 
  976211 011004 492932 151608 424448 596376 698389 522868 478312 355265 
  821314 495768 572624 334418 930396 864262 434107 732269 780280 731891 
  544110 104468 232527 162010 526522 721116 603966 655730 925471 105578 
  537634 668206 531098 965269 186205 647693 125705 863566 201855 810072 
  936065 987648 611791 045334 885034 611365 768675 324944 166803 962657 
  978771 855608 455296 541266 540853 061434 443185 867697 514566 140680 
   42
  070023 787765 913440 171274 947042 056223 053899 456131 407112 700040 
  785473 326993 908145 466464 588079 727082 668306 343285 878569 830523 
  580893 306575 740679 545716 377525 420211 495576 158140 025012 622859 
  413021 647155 097925 923099 079654 737612 551765 675135 751782 966645 
  477917 450112 996148 903046 399471 329621 073404 375189 573596 145890 
  193897 131117 904297 828564 750320 319869 151402 870808 599048 010941 
  214722 131794 764777 262241 425485 454033 215718 530614 228813 758504 
  306332 175182 979866 223717 215916 077166 925474 873898 665494 945011 
  465406 284336 639379 003976 926567 214638 530673 609657 120918 076383 
  271664 162748 888007 869256 029022 847210 403172 118608 204190 004229 
   48
  661711 963779 213375 751149 595015 660496 318629 472654 736425 230817 
  703675 159067 350235 072835 405670 403867 435136 222247 715891 504953 
  098447 049987 714618 155052 743751 980219 477064 654256 086408 286235 
  178397 276000 000000 exp 0

